1408
2166
1751
29
494
181
1509
2081
77
1895
1174
1185
883
2067
1502
1909
509
949
2440
1260
818
1047
708
816
1864
523
1084
2138
2079
2530
1156
1614
355
2492
25
1683
1724
1597
1057
582
2197
1821
1726
1192
1357
243
189
2496
2481
480
1784
1018
23
1518
1731
2471
853
80
414
1321
1715
1508
1796
1860
688
1127
1671
815
1890
2223
860
2295
298
1104
2238
347
1554
1021
200
1987
1790
1400
850
2220
266
859
2149
1957
932
834
1623
672
68
2375
423
1438
2248
586
941
992
1983
1722
1622
1507
244
1654
1190
1338
87
413
2106
1315
299
1335
2031
1573
219
1374
1592
2152
1788
638
1025
2525
1014
162
444
1720
130
254
2284
2127
367
2098
2290
1519
628
1515
1647
1631
2257
1098
2444
2419
858
2288
1948
1613
1313
228
725
534
1644
1403
109
777
2052
1343
2159
418
640
2016
714
986
541
1183
947
2018
1959
1292
258
1893
2343
1053
825
1532
2483
1471
1501
1869
2192
2271
1785
690
1586
1843
1406
754
2228
2177
744
748
2163
1153
854
1732
1159
2347
589
1144
2406
1342
822
2327
1364
1637
18
618
305
1173
1404
604
1407
343
161
1822
125
348
782
483
427
1933
2180
1385
1465
2093
2075
819
1206
1721
2060
999
230
239
2129
410
2432
187
882
789
1329
1831
1060
2385
1303
1165
772
1728
871
991
559
2264
703
1182
1891
1202
2267
313
2056
674
520
2206
370
255
27
952
1866
1804
557
220
730
913
99
377
55
1498
1859
333
482
643
399
1397
331
149
2524
847
4
137
388
1083
83
2218
1049
797
382
505
1836
565
2104
767
1627
488
1045
2463
468
2418
982
1442
8
1009
518
2091
1085
2302
2155
1700
1996
1089
1575
1840
550
2345
63
2509
677
1034
804
1737
621
342
1339
476
1065
345
1682
1544
159
694
1040
1611
158
126
1692
504
1255
1058
1580
1325
1925
826
2514
401
2420
1978
236
1619
790
40
1844
625
636
1256
2332
1954
213
1920
1247
2186
830
1681
817
146
567
1109
984
856
1521
546
169
1066
1093
391
1474
1435
1690
1107
179
655
1787
140
712
2304
742
30
1280
592
706
1103
1772
1167
2398
221
1237
824
209
924
1940
1956
948
1699
874
2068
1372
676
2342
1458
508
1745
307
1585
1686
2064
1899
805
464
1319
1855
134
2431
1897
229
1433
424
2340
1747
2005
1253
2485
1362
686
1776
1958
603
1815
386
267
5
833
533
2171
1568
1266
195
1064
1797
210
1688
1019
1015
752
1708
1496
2203
1918
1560
1610
639
2407
276
330
581
1530
2341
1911
1168
34
531
524
2263
2034
1979
2154
2344
462
1222
1849
1574
383
2309
514
2388
978
1121
1420
167
154
1535
2472
376
646
1024
545
2349
2124
226
2376
1913
1781
554
498
1208
1739
204
1734
1002
844
788
831
547
1828
86
2526
288
761
2051
1522
1646
357
1076
693
224
1377
2317
1640
1761
607
2523
2474
1485
1534
704
877
2207
1679
1122
1988
1489
500
2028
683
724
1847
2191
1225
2181
304
1463
2072
2114
1605
2017
945
2053
1901
1820
1446
1906
1567
2348
2213
56
1430
974
741
1839
26
2377
846
2240
1252
1697
670
715
1231
1630
698
1974
1226
16
1415
396
2442
887
292
1395
513
1379
1375
1539
1971
1258
780
588
610
1912
1991
1733
2036
1570
1582
1916
1825
185
2047
232
2399
1215
2242
892
1538
2401
1090
2260
511
757
1955
1302
1865
1594
1139
1380
2097
1095
1984
1063
7
769
1311
281
1120
1363
1334
2371
569
2495
1079
144
1393
311
1584
1213
447
2405
839
2165
600
1774
2184
2490
350
1491
1667
845
1075
2272
2269
726
1201
1657
1382
1638
667
2175
1087
443
653
781
1488
1000
669
1487
1097
2255
958
407
689
1240
624
1826
1807
212
2498
907
968
1278
147
1494
755
919
928
1333
45
2217
1177
1506
1718
1698
598
2048
1540
938
450
564
950
1814
759
2010
323
2145
60
1565
446
1358
530
1306
956
13
1056
1308
1541
660
515
526
156
1011
571
2261
1693
707
472
1950
1936
886
840
1074
1725
2311
461
11
234
186
962
760
235
773
302
2321
280
951
2410
263
601
1730
1294
116
1735
398
626
2330
555
1245
2364
193
1273
1176
1022
1205
1405
59
2096
1835
1967
633
1263
1036
403
2153
1819
1775
1195
1016
796
843
1672
10
630
1352
2531
1281
1648
2434
1048
2452
2246
490
65
915
553
2133
2062
1197
1341
1599
2256
119
2103
1426
1968
977
1854
321
1528
1164
2421
800
572
1347
1017
1360
24
1320
1457
1802
2033
48
1867
2389
1179
2196
218
260
203
2336
1081
2176
2314
1898
1314
2408
2014
2069
2088
1966
1833
1055
139
470
1738
2520
475
1602
2087
2076
1660
1513
438
2411
651
402
1791
664
649
662
1468
365
2111
1885
1985
1425
1896
2210
1922
527
1659
996
1429
1268
2116
989
487
902
120
2328
2162
324
2044
1952
795
1361
251
1152
1970
2122
173
1689
1422
1871
14
2164
568
1862
198
1295
2090
1707
2247
971
454
2386
285
1267
493
776
2508
1388
1756
362
2102
855
1658
1423
2415
81
484
1041
2529
432
151
983
1645
939
1003
1972
1161
2224
9
104
2468
2156
1875
1277
176
1148
2469
775
1154
663
2296
1424
756
1817
1141
1883
132
2504
227
2307
1157
1595
495
2502
2446
1921
1477
368
2219
499
933
1305
959
17
43
1224
1466
2372
955
1780
2003
2161
544
936
346
1249
373
1355
687
1473
2479
632
807
899
2369
451
2412
944
721
1837
2303
114
76
720
2275
1531
2528
1808
1555
1603
1283
2370
1274
2178
1789
194
108
2046
364
872
1478
1221
2061
2417
648
1764
1589
1877
1368
1500
121
1166
2433
1376
666
595
1447
1233
1563
1115
1010
371
2013
0
1046
1752
616
2172
821
2134
2362
1973
1888
1007
286
460
1028
612
1562
1669
552
2208
84
1590
2147
269
15
1369
2109
168
1356
1649
1291
917
440
2002
390
2170
1542
922
136
1480
1989
1523
1013
2252
713
1799
1606
2227
171
2236
1134
506
135
6
2187
1853
1323
1370
538
645
2254
1293
702
684
709
1813
2454
2249
1881
1180
303
1997
722
542
1219
379
993
900
1829
2521
442
2141
1678
1254
701
397
2268
1178
2137
445
2039
997
2470
352
1296
650
337
1269
1481
1001
2477
1271
2278
208
2413
1832
2438
2143
682
1123
1143
1371
1101
2115
300
2367
2266
2299
965
1359
1625
2515
419
1857
1184
1905
1467
842
1099
428
374
1401
848
827
47
560
1572
2080
247
1070
1035
1805
2476
1794
2445
2354
124
2055
1608
1437
812
1239
2450
1116
1008
1140
497
2322
282
2334
1462
609
1976
1223
1917
467
41
2403
1834
2414
634
2113
908
188
271
2325
1929
1969
2235
658
405
2374
798
2360
1852
657
529
692
2326
2130
1439
1492
1848
477
2456
91
1383
2202
787
2511
1137
2132
591
1434
1483
2387
1042
1331
2032
1876
585
1673
1651
503
2058
1171
1931
88
1742
1946
95
1026
1771
1778
2043
1384
1417
1746
611
1170
339
1455
1818
522
118
972
2077
349
1615
2409
1670
2318
2475
240
1327
1982
344
727
867
78
502
2037
1162
2234
2283
466
879
2200
516
1652
112
2280
2022
2084
1806
2225
574
1943
1533
1744
920
115
1068
988
1106
2424
851
1344
891
1926
1261
1975
869
1413
214
433
1125
2045
1656
387
1904
206
1661
2241
1004
36
731